Checking Euc10 1000000 random points, query radius = 0.22874056434485462
D	angle(deg)	stdev	in range
0.01	143.59	6.42	1367
0.02	142.75	6.79	1959
0.03	140.89	6.77	2735
0.04	139.88	7.16	3602
0.05	138.3	7.53	4862
0.06	136.8	7.71	6366
0.07	135.57	8.1	8138
0.08	133.99	8.26	10376
0.09	132.59	8.61	13476
0.1	131.15	9.01	17041
0.11	129.59	9.3	21165
0.12	128.3	9.73	25997
0.13	126.8	10	32077
0.14	125.35	10.34	39299
0.15	123.92	10.76	47360
0.16	122.42	11.14	57063
0.17	121.06	11.56	67994
0.18	119.63	11.97	80729
0.19	118.14	12.27	95092
0.2	116.76	12.73	110462
0.21	115.36	13.1	128924
0.22	113.95	13.49	148912
0.23	112.61	13.84	171192
0.24	111.19	14.25	194003
0.25	109.81	14.62	220679
0.26	108.47	15.03	249027
0.27	107.14	15.37	279042
0.28	105.92	15.76	311338
0.29	104.56	16.13	346284
0.3	103.34	16.45	381796
0.31	102.21	16.75	418953
0.32	101.04	17.05	456819
0.33	99.88	17.36	496649
0.34	98.87	17.67	535270
0.35	97.85	17.92	575233
0.36	96.94	18.13	614198
0.37	96.12	18.3	652393
0.38	95.32	18.47	689414
0.39	94.61	18.61	722993
0.4	93.99	18.73	755385
0.41	93.45	18.79	786327
0.42	92.96	18.88	814900
0.43	92.49	18.94	840428
0.44	92.12	18.93	863601
0.45	91.78	18.97	884526
0.46	91.49	19.01	902992
0.47	91.23	19.05	918670
0.48	91.04	19.03	932722
0.49	90.83	19.05	945190
0.5	90.69	19.05	955680
0.51	90.51	19.05	964567
0.52	90.45	19.03	972093
0.53	90.34	19.07	977879
0.54	90.29	19.05	983114
0.55	90.23	19.05	987178
0.56	90.15	19.08	990502
0.57	90.1	19.05	993238
0.58	90.1	19.05	995053
0.59	90.04	19.05	996654
0.6	90.06	19.06	997826
0.61	90.02	19.06	998572
0.62	90.03	19.07	999108
0.63	89.99	19.08	999434
0.64	89.99	19.09	999736
0.65	90	19.05	999859
0.66	90.01	19.05	999938
0.67	89.96	19.07	999980
0.68	90	19.08	999992
0.69	89.98	19.04	999998
0.7	90.02	19.08	999999
0.71	89.98	19.04	1000000
0.72	90.02	19.08	1000000
0.73	89.98	19.06	1000000
0.74	90	19.04	1000000
0.75	90.03	19.06	1000000
0.76	90.03	19.05	1000000
0.77	90.02	19.06	1000000
0.78	90.01	19.05	1000000
0.79	89.99	19.05	1000000
0.8	90	19.04	1000000
0.81	89.99	19.05	1000000
0.82	90.01	19.05	1000000
0.83	89.99	19.06	1000000
0.84	89.99	19.05	1000000
0.85	90	19.06	1000000
0.86	89.98	19.04	1000000
0.87	89.96	19.05	1000000
0.88	90.01	19.05	1000000
0.89	90.01	19.06	1000000
0.9	90	19.08	1000000
0.91	90	19.06	1000000
0.92	90.02	19.06	1000000
0.93	90	19.06	1000000
0.94	90.01	19.04	1000000
0.95	90.01	19.08	1000000
0.96	90.02	19.08	1000000
0.97	89.99	19.07	1000000
0.98	89.98	19.07	1000000
0.99	90.01	19.08	1000000
1	90.04	19.07	1000000
1.01	90.02	19.05	1000000
1.02	89.98	19.05	1000000
1.03	90	19.07	1000000
1.04	89.99	19.06	1000000
1.05	89.99	19.08	1000000
1.06	90	19.08	1000000
1.07	90.01	19.06	1000000
1.08	90.02	19.05	1000000
1.09	90.01	19.08	1000000
1.1	90	19.08	1000000
1.11	89.99	19.08	1000000
1.12	90.02	19.06	1000000
1.13	90.01	19.05	1000000
1.14	90.02	19.05	1000000
1.15	90.01	19.06	1000000
1.16	89.99	19.07	1000000
1.17	89.99	19.08	1000000
1.18	89.98	19.08	1000000
1.19	90	19.05	1000000
1.2	90.02	19.07	1000000
1.21	90	19.05	1000000
1.22	89.96	19.06	1000000
1.23	90	19.07	1000000
1.24	90.01	19.06	1000000
1.25	89.99	19.06	1000000
1.26	89.99	19.06	1000000
1.27	89.99	19.03	1000000
1.28	90.01	19.02	1000000
1.29	90.01	19.09	1000000
1.3	89.98	19.05	1000000
1.31	90.01	19.07	1000000
1.32	89.97	19.04	1000000
1.33	89.99	19.06	1000000
1.34	90.04	19.07	1000000
1.35	89.99	19.05	1000000
1.36	90	19.07	1000000
1.37	90	19.06	1000000
1.38	89.96	19.05	1000000
1.39	90	19.06	1000000
1.4	89.97	19.08	1000000
1.41	90.02	19.07	1000000
1.42	89.99	19.07	1000000
1.43	89.97	19.06	1000000
1.44	90	19.06	1000000
1.45	89.95	19.06	1000000
1.46	89.99	19.09	1000000
1.47	90.03	19.06	1000000
1.48	90	19.08	1000000
1.49	90.01	19.04	1000000
1.5	90.02	19.08	1000000
1.51	90.01	19.05	1000000
1.52	90.01	19.07	1000000
1.53	90.02	19.04	1000000
1.54	90.01	19.07	1000000
1.55	90.02	19.07	1000000
1.56	90.01	19.05	1000000
1.57	89.99	19.08	1000000
1.58	90.02	19.06	1000000
1.59	90	19.07	1000000
1.6	90.01	19.04	1000000
1.61	90.01	19.05	1000000
1.62	89.97	19.06	1000000
1.63	90.01	19.07	1000000
1.64	90.04	19.06	1000000
1.65	90	19.06	1000000
1.66	90.03	19.04	1000000
1.67	90	19.06	1000000
1.68	89.99	19.07	1000000
1.69	90	19.07	1000000
1.7	90.01	19.06	1000000
1.71	90	19.06	1000000
1.72	90.01	19.08	1000000
1.73	89.98	19.05	1000000
1.74	89.99	19.08	1000000
1.75	89.98	19.06	1000000
1.76	89.97	19.04	1000000
1.77	89.99	19.05	1000000
1.78	90	19.06	1000000
1.79	89.97	19.07	1000000
1.8	89.99	19.06	1000000
1.81	90.01	19.06	1000000
1.82	89.99	19.07	1000000
1.83	89.99	19.07	1000000
1.84	89.99	19.07	1000000
1.85	89.96	19.07	1000000
1.86	90	19.05	1000000
1.87	90.04	19.07	1000000
1.88	89.99	19.04	1000000
1.89	90.04	19.05	1000000
1.9	89.98	19.05	1000000
1.91	90.04	19.07	1000000
1.92	89.99	19.05	1000000
1.93	90.03	19.04	1000000
1.94	90.02	19.07	1000000
1.95	90.02	19.08	1000000
1.96	90	19.04	1000000
1.97	89.98	19.05	1000000
1.98	89.98	19.07	1000000
1.99	90.04	19.04	1000000
2	89.98	19.05	1000000
2.01	89.97	19.06	1000000
2.02	89.97	19.07	1000000
2.03	89.98	19.06	1000000
2.04	89.97	19.08	1000000
2.05	89.98	19.06	1000000
2.06	89.98	19.06	1000000
2.07	90	19.1	1000000
2.08	89.96	19.07	1000000
2.09	89.98	19.07	1000000
2.1	90	19.09	1000000
2.11	90	19.05	1000000
2.12	90.03	19.06	1000000
2.13	90	19.06	1000000
2.14	90.01	19.06	1000000
2.15	90.02	19.06	1000000
2.16	89.96	19.07	1000000
2.17	90	19.06	1000000
2.18	90.03	19.06	1000000
2.19	90	19.06	1000000
2.2	89.98	19.09	1000000
2.21	90	19.04	1000000
2.22	89.98	19.04	1000000
2.23	90.02	19.07	1000000
2.24	90.02	19.08	1000000
2.25	90.01	19.08	1000000
2.26	90.05	19.04	1000000
2.27	89.99	19.05	1000000
2.28	89.99	19.05	1000000
2.29	90	19.08	1000000
2.3	89.97	19.07	1000000
2.31	89.96	19.05	1000000
2.32	89.99	19.05	1000000
2.33	89.96	19.05	1000000
2.34	90.02	19.06	1000000
2.35	90.02	19.04	1000000
2.36	89.99	19.04	1000000
2.37	90	19.05	1000000
2.38	90.01	19.05	1000000
2.39	90.01	19.04	1000000
2.4	90.01	19.04	1000000
2.41	90	19.06	1000000
2.42	90.01	19.08	1000000
2.43	90	19.05	1000000
2.44	90	19.06	1000000
2.45	89.97	19.07	1000000
2.46	90.03	19.05	1000000
2.47	89.98	19.06	999998
2.48	90.02	19.06	999996
2.49	90	19.08	999984
2.5	89.98	19.07	999949
2.51	90.03	19.06	999857
2.52	89.98	19.08	999747
2.53	89.98	19.07	999509
2.54	90.01	19.06	999138
2.55	89.98	19.04	998672
2.56	90	19.04	997934
2.57	89.93	19.08	996832
2.58	89.91	19.04	995484
2.59	89.92	19.07	993528
2.6	89.86	19.05	991113
2.61	89.78	19.05	988065
2.62	89.75	19.05	984166
2.63	89.66	19.06	979273
2.64	89.61	19.06	973543
2.65	89.48	19.06	966263
2.66	89.36	19.04	957702
2.67	89.26	19.05	947696
2.68	89	19.04	936049
2.69	88.81	19.05	922230
2.7	88.6	19.02	906879
2.71	88.29	18.99	888166
2.72	87.97	18.98	868308
2.73	87.57	18.93	846078
2.74	87.16	18.84	820632
2.75	86.68	18.82	793086
2.76	86.12	18.73	762675
2.77	85.49	18.61	730945
2.78	84.8	18.48	696750
2.79	84.05	18.36	660072
2.8	83.26	18.16	622700
2.81	82.32	17.95	584360
2.82	81.34	17.72	545095
2.83	80.38	17.48	504557
2.84	79.21	17.16	465638
2.85	78.12	16.86	427387
2.86	76.93	16.5	390103
2.87	75.67	16.15	352999
2.88	74.44	15.8	319123
2.89	73.15	15.46	286703
2.9	71.77	15.07	255966
2.91	70.54	14.71	226276
2.92	69.11	14.33	199796
2.93	67.71	13.97	175429
2.94	66.38	13.53	153915
2.95	64.91	13.18	133185
2.96	63.51	12.79	114701
2.97	62.18	12.44	98015
2.98	60.75	11.98	83401
2.99	59.28	11.53	70212
3	57.84	11.17	59638
3.01	56.37	10.85	49718
3.02	54.99	10.48	41345
3.03	53.49	10.05	33419
3.04	52.06	9.7	27227
3.05	50.65	9.4	22320
3.06	49.22	9.09	17885
3.07	47.85	8.66	14183
3.08	46.19	8.48	10945
3.09	44.9	8.08	8710
3.1	43.55	7.75	6608
3.11	41.95	7.6	5035
3.12	40.59	7.12	3777
3.13	39.42	6.99	2863
3.14	37.74	6.94	2137
3.15	36.55	6.55	1493
3.16	34.91	6.21	1068