using centre
Checking Euc20 1000000 random points, query radius = 0.6017460044834176
D	angle(deg)	stdev	in range
0.01	32.4	0.15	2
0.02	30.97	0	1
0.03	38.91	2.93	2
0.04	40.6	6.88	5
0.05	39.31	5.37	4
0.06	41.66	5.33	4
0.07	36.04	5.12	9
0.08	37.27	4.41	6
0.09	41.73	3.3	4
0.1	44.07	1.76	4
0.11	41.8	5.68	17
0.12	42.6	4.13	18
0.13	41.32	4.22	20
0.14	42.93	4.65	27
0.15	43.39	6.27	28
0.16	45.03	4.87	41
0.17	45.94	5.38	49
0.18	45.35	5.23	60
0.19	44.79	5.12	71
0.2	46.65	4.76	82
0.21	47.03	5.01	106
0.22	46.95	6.1	127
0.23	47.53	5.75	159
0.24	47.66	5.83	188
0.25	48.39	6.37	204
0.26	49.61	6.09	251
0.27	49.65	6.09	279
0.28	50.45	6.28	352
0.29	50.06	6.29	392
0.3	50.86	6.63	532
0.31	51.79	6.32	541
0.32	52.21	6.39	661
0.33	53.08	6.77	744
0.34	53.42	6.85	932
0.35	53.92	6.91	1022
0.36	53.94	6.7	1246
0.37	54.66	6.8	1395
0.38	55.12	6.75	1632
0.39	55.78	7.19	1898
0.4	56.24	7.14	2118
0.41	56.45	7.27	2526
0.42	57.28	7.42	2815
0.43	57.55	7.2	3247
0.44	58.37	7.56	3584
0.45	58.75	7.5	4171
0.46	59.19	7.55	4724
0.47	59.79	7.7	5345
0.48	60.12	7.77	6017
0.49	60.61	7.92	6921
0.5	61.12	7.97	7548
0.51	61.5	8.01	8792
0.52	62.14	8.07	9595
0.53	62.69	8.19	10770
0.54	63.07	8.31	12211
0.55	63.62	8.31	13649
0.56	64.03	8.42	15483
0.57	64.66	8.51	16824
0.58	65.08	8.6	18647
0.59	65.54	8.69	20464
0.6	66.17	8.75	22866
0.61	66.56	8.89	25531
0.62	66.93	8.94	28343
0.63	67.43	9.07	30878
0.64	67.93	9.11	34295
0.65	68.42	9.21	37364
0.66	68.91	9.39	40988
0.67	69.34	9.39	44628
0.68	69.84	9.5	48954
0.69	70.35	9.59	53492
0.7	70.75	9.72	58314
0.71	71.28	9.75	63057
0.72	71.7	9.93	68516
0.73	72.13	9.98	74378
0.74	72.54	10.1	80560
0.75	73.02	10.13	87016
0.76	73.5	10.24	93761
0.77	73.85	10.32	101148
0.78	74.34	10.4	109038
0.79	74.78	10.53	116831
0.8	75.19	10.63	125818
0.81	75.62	10.65	135220
0.82	76.05	10.79	143913
0.83	76.51	10.85	153991
0.84	76.87	10.95	163694
0.85	77.24	11.03	174960
0.86	77.69	11.12	185575
0.87	78.1	11.19	197472
0.88	78.44	11.31	210064
0.89	78.84	11.39	221746
0.9	79.23	11.47	234828
0.91	79.59	11.53	247770
0.92	79.97	11.62	262045
0.93	80.33	11.7	274696
0.94	80.71	11.76	289277
0.95	81.04	11.83	304444
0.96	81.36	11.9	319074
0.97	81.69	12	334258
0.98	82	12.03	349428
0.99	82.32	12.1	364592
1	82.61	12.16	380340
1.01	82.97	12.22	396926
1.02	83.2	12.27	412570
1.03	83.51	12.34	427695
1.04	83.76	12.37	444627
1.05	84.06	12.44	460877
1.06	84.32	12.51	477109
1.07	84.57	12.53	493792
1.08	84.81	12.58	511074
1.09	85.03	12.63	525838
1.1	85.24	12.66	542028
1.11	85.47	12.68	558184
1.12	85.68	12.73	573693
1.13	85.87	12.74	588877
1.14	86.08	12.79	605493
1.15	86.28	12.8	620003
1.16	86.45	12.84	635181
1.17	86.63	12.85	649499
1.18	86.79	12.86	664551
1.19	86.96	12.91	677548
1.2	87.07	12.93	691504
1.21	87.25	12.95	704204
1.22	87.36	12.96	717729
1.23	87.52	12.99	730303
1.24	87.65	12.99	742632
1.25	87.77	13.02	755332
1.26	87.89	13.04	766545
1.27	88.03	13.02	777556
1.28	88.1	13.01	788643
1.29	88.22	13.05	799073
1.3	88.3	13.05	809215
1.31	88.42	13.06	818978
1.32	88.51	13.07	828681
1.33	88.6	13.09	837911
1.34	88.62	13.1	846420
1.35	88.74	13.1	854973
1.36	88.8	13.1	862562
1.37	88.86	13.09	870771
1.38	88.93	13.09	877692
1.39	88.99	13.1	884720
1.4	89.07	13.12	891862
1.41	89.11	13.09	897755
1.42	89.18	13.12	904204
1.43	89.22	13.11	909673
1.44	89.28	13.13	915441
1.45	89.31	13.13	920703
1.46	89.37	13.12	925413
1.47	89.4	13.12	930005
1.48	89.44	13.12	934495
1.49	89.48	13.12	938887
1.5	89.5	13.13	942753
1.51	89.53	13.14	946364
1.52	89.56	13.13	950356
1.53	89.58	13.13	953495
1.54	89.63	13.13	956760
1.55	89.66	13.14	959640
1.56	89.66	13.11	962391
1.57	89.71	13.15	965208
1.58	89.73	13.12	967588
1.59	89.73	13.13	970152
1.6	89.77	13.13	972073
1.61	89.77	13.14	974251
1.62	89.78	13.12	976269
1.63	89.81	13.14	978078
1.64	89.82	13.14	979749
1.65	89.81	13.14	981475
1.66	89.84	13.12	982548
1.67	89.86	13.15	984314
1.68	89.87	13.14	985384
1.69	89.86	13.14	986786
1.7	89.86	13.13	987680
1.71	89.9	13.14	988823
1.72	89.93	13.14	989698
1.73	89.9	13.14	990666
1.74	89.91	13.13	991426
1.75	89.93	13.13	992175
1.76	89.93	13.13	992760
1.77	89.94	13.14	993518
1.78	89.95	13.13	994206
1.79	89.97	13.15	994741
1.8	89.94	13.15	995234
1.81	89.95	13.15	995636
1.82	89.96	13.13	996137
1.83	89.97	13.15	996436
1.84	89.95	13.13	996870
1.85	89.98	13.13	997093
1.86	89.96	13.13	997348
1.87	89.98	13.13	997654
1.88	89.98	13.15	998027
1.89	89.97	13.13	998052
1.9	90	13.14	998271
1.91	90	13.13	998495
1.92	89.98	13.13	998686
1.93	89.97	13.14	998823
1.94	89.96	13.14	998990
1.95	90	13.13	999119
1.96	89.98	13.14	999155
1.97	89.97	13.14	999276
1.98	90	13.13	999378
1.99	90	13.14	999488
2	90.01	13.15	999490
2.01	89.98	13.12	999566
2.02	90	13.14	999619
2.03	89.98	13.13	999677
2.04	90	13.14	999718
2.05	89.99	13.15	999747
2.06	90	13.14	999786
2.07	90.01	13.13	999811
2.08	90.02	13.14	999846
2.09	90	13.14	999870
2.1	90	13.13	999888
2.11	89.99	13.13	999909
2.12	90.01	13.14	999918
2.13	89.99	13.14	999946
2.14	89.99	13.13	999947
2.15	90.01	13.14	999947
2.16	90.03	13.13	999957
2.17	90	13.12	999949
2.18	89.99	13.13	999961
2.19	90.02	13.13	999969
2.2	90	13.13	999979
2.21	90.01	13.14	999982
2.22	90.01	13.14	999976
2.23	90	13.14	999981
2.24	90.02	13.15	999987
2.25	90.02	13.12	999983
2.26	90	13.13	999983
2.27	90.01	13.12	999980
2.28	89.99	13.14	999976
2.29	90.01	13.14	999979
2.3	89.98	13.13	999965
2.31	90.01	13.14	999953
2.32	90.02	13.14	999953
2.33	90.02	13.13	999945
2.34	89.99	13.13	999947
2.35	90.01	13.15	999927
2.36	89.99	13.14	999902
2.37	90	13.13	999914
2.38	90.02	13.16	999862
2.39	89.98	13.13	999822
2.4	89.99	13.14	999801
2.41	89.99	13.13	999795
2.42	89.99	13.14	999780
2.43	90	13.13	999746
2.44	90	13.14	999692
2.45	90	13.14	999635
2.46	90.02	13.13	999607
2.47	89.96	13.14	999521
2.48	89.98	13.13	999444
2.49	89.98	13.14	999380
2.5	90.01	13.13	999303
2.51	89.99	13.13	999170
2.52	89.98	13.13	999062
2.53	89.98	13.16	998949
2.54	90	13.13	998834
2.55	89.96	13.16	998663
2.56	89.99	13.14	998574
2.57	89.98	13.12	998332
2.58	89.98	13.15	998222
2.59	89.98	13.13	997951
2.6	89.97	13.14	997647
2.61	89.96	13.14	997380
2.62	89.96	13.14	997243
2.63	89.97	13.14	996872
2.64	89.96	13.13	996443
2.65	89.94	13.13	996224
2.66	89.95	13.14	995661
2.67	89.98	13.13	995194
2.68	89.96	13.12	994771
2.69	89.95	13.13	994208
2.7	89.94	13.12	993668
2.71	89.91	13.14	993116
2.72	89.94	13.14	992444
2.73	89.92	13.15	991726
2.74	89.91	13.15	990993
2.75	89.92	13.13	989944
2.76	89.91	13.13	988937
2.77	89.88	13.15	987616
2.78	89.88	13.14	987160
2.79	89.85	13.14	985831
2.8	89.87	13.13	984370
2.81	89.85	13.13	983267
2.82	89.83	13.15	981679
2.83	89.81	13.15	980225
2.84	89.83	13.14	978564
2.85	89.8	13.12	976597
2.86	89.8	13.14	974289
2.87	89.76	13.15	972930
2.88	89.74	13.14	970592
2.89	89.73	13.14	968348
2.9	89.7	13.14	965776
2.91	89.71	13.13	963089
2.92	89.65	13.13	960463
2.93	89.62	13.13	957531
2.94	89.61	13.15	954680
2.95	89.57	13.14	951114
2.96	89.55	13.14	947747
2.97	89.5	13.13	943605
2.98	89.47	13.12	939570
2.99	89.45	13.12	935373
3	89.42	13.1	931391
3.01	89.37	13.14	926775
3.02	89.32	13.11	921942
3.03	89.27	13.11	915999
3.04	89.24	13.1	911104
3.05	89.2	13.12	905449
3.06	89.13	13.1	899227
3.07	89.08	13.12	892865
3.08	89	13.1	886120
3.09	88.95	13.11	878969
3.1	88.9	13.1	871822
3.11	88.82	13.08	865000
3.12	88.76	13.1	856520
3.13	88.69	13.09	848284
3.14	88.59	13.06	839896
3.15	88.51	13.06	830177
3.16	88.43	13.07	821643
3.17	88.31	13.06	811516
3.18	88.25	13.05	801712
3.19	88.14	13.05	790934
3.2	88.03	13.05	780201
3.21	87.93	13.01	769657
3.22	87.83	13.01	757631
3.23	87.68	13	745031
3.24	87.58	12.98	733859
3.25	87.41	12.96	721259
3.26	87.26	12.93	707911
3.27	87.14	12.92	694891
3.28	86.97	12.91	681267
3.29	86.81	12.9	667137
3.3	86.64	12.87	653341
3.31	86.48	12.83	638525
3.32	86.3	12.8	623005
3.33	86.12	12.79	608545
3.34	85.92	12.76	593131
3.35	85.72	12.7	577407
3.36	85.52	12.7	560958
3.37	85.29	12.65	546506
3.38	85.06	12.62	530410
3.39	84.87	12.58	513949
3.4	84.62	12.54	496848
3.41	84.34	12.48	480046
3.42	84.09	12.44	465399
3.43	83.85	12.4	448675
3.44	83.54	12.34	432916
3.45	83.29	12.29	415795
3.46	82.95	12.26	400067
3.47	82.66	12.17	384100
3.48	82.38	12.1	368497
3.49	82.07	12.06	353020
3.5	81.74	11.97	336845
3.51	81.41	11.91	321828
3.52	81.09	11.88	307037
3.53	80.76	11.76	291634
3.54	80.36	11.71	277635
3.55	80.08	11.63	264813
3.56	79.7	11.55	250437
3.57	79.32	11.45	237559
3.58	78.98	11.38	223780
3.59	78.48	11.28	211829
3.6	78.17	11.24	200269
3.61	77.77	11.15	188787
3.62	77.35	11.06	177393
3.63	76.94	10.96	165215
3.64	76.54	10.88	156434
3.65	76.18	10.79	146634
3.66	75.73	10.71	136865
3.67	75.27	10.62	127306
3.68	74.91	10.54	119373
3.69	74.42	10.41	110475
3.7	74.01	10.35	103078
3.71	73.55	10.24	95654
3.72	73.15	10.17	88403
3.73	72.67	10.04	81830
3.74	72.17	9.96	75550
3.75	71.76	9.88	69260
3.76	71.33	9.82	64023
3.77	70.79	9.72	58850
3.78	70.5	9.64	54568
3.79	69.95	9.53	49691
3.8	69.45	9.42	45592
3.81	68.95	9.35	41751
3.82	68.5	9.23	38043
3.83	68.04	9.14	34708
3.84	67.52	9.1	31310
3.85	67.06	8.99	28474
3.86	66.63	8.91	26059
3.87	66.17	8.83	23683
3.88	65.66	8.77	21147
3.89	65.27	8.69	19096
3.9	64.67	8.63	17280
3.91	64.25	8.43	15371
3.92	63.6	8.35	14029
3.93	63.28	8.2	12497
3.94	62.65	8.19	11071
3.95	62.12	8.1	9908
3.96	61.62	7.81	8898
3.97	61.37	7.96	7851
3.98	60.73	7.84	7032
3.99	60.4	7.83	6200
4	59.74	7.7	5514
4.01	59.4	7.59	4803
4.02	58.56	7.47	4357
4.03	58.1	7.6	3714
4.04	57.97	7.27	3345
4.05	57.42	7.23	2907
4.06	56.66	7.12	2474
4.07	56.32	7.16	2174
4.08	55.73	7.06	1854
4.09	55.49	6.98	1724
4.1	54.53	6.95	1485
4.11	53.93	6.86	1239
4.12	53.58	6.75	1058
4.13	53.51	6.71	898
4.14	52.42	6.7	829
4.15	51.8	6.12	666
4.16	51.87	6.43	587
4.17	51.4	6.64	566
4.18	50.27	6	433
4.19	50.42	6.47	383
4.2	49.91	6.51	309
4.21	49.71	5.91	248
4.22	48.82	5.96	216
4.23	48.31	6.18	187
4.24	48.45	5.76	163
4.25	47.08	5.4	113
4.26	47.81	5.57	115
4.27	46.68	5.28	103
4.28	46.62	5.43	62
4.29	45.04	5.31	60
4.3	43.51	5.38	47
4.31	44.25	5.58	43
4.32	43.27	4.87	33
4.33	44.27	5.75	27
4.34	41.04	4.93	23
4.35	40.91	4.48	12
4.36	41.96	3.98	22
4.37	40.82	3.02	7
4.38	37.9	3.78	7
4.39	40.39	3.14	5
4.4	39.59	4.57	4
4.41	34.73	3.18	4
4.42	41.8	6.4	4
4.43	37.4	1.96	3
4.44	33.26	0	1
4.45	37.43	1.11	3
Distance = 4.46 No points in 0-1 range
Distance = 4.47 No points in 0-1 range

Process finished with exit code 0