Checking Euc30 1000000 random points, query radius = 0.726926598626241
D	angle(deg)	stdev	in range
Distance = 0.01 No points in 0-1 range
Distance = 0.02 No points in 0-1 range
Distance = 0.03 No points in 0-1 range
Distance = 0.04 No points in 0-1 range
Distance = 0.05 No points in 0-1 range
Distance = 0.06 No points in 0-1 range
Distance = 0.07 No points in 0-1 range
Distance = 0.08 No points in 0-1 range
Distance = 0.09 No points in 0-1 range
Distance = 0.1 No points in 0-1 range
Distance = 0.11 No points in 0-1 range
Distance = 0.12 No points in 0-1 range
Distance = 0.13 No points in 0-1 range
Distance = 0.14 No points in 0-1 range
Distance = 0.15 No points in 0-1 range
Distance = 0.16 No points in 0-1 range
Distance = 0.17 No points in 0-1 range
Distance = 0.18 No points in 0-1 range
0.19	132.91	0.97	2
Distance = 0.2 No points in 0-1 range
Distance = 0.21 No points in 0-1 range
0.22	136.25	0	1
Distance = 0.23 No points in 0-1 range
0.24	134.21	2.04	3
0.25	134.44	0	1
0.26	134.72	9.06	2
0.27	136.4	0	1
Distance = 0.28 No points in 0-1 range
0.29	128.54	1.04	2
0.3	134.24	4.95	2
0.31	130.17	5.2	5
0.32	127.94	1.42	2
0.33	131.58	6.48	5
0.34	131.19	1.92	5
0.35	129.21	4.7	12
0.36	128.49	5.22	11
0.37	131.36	3.6	10
0.38	127.47	5.02	19
0.39	128.68	4.87	21
0.4	126.78	4.4	27
0.41	124.27	5.47	17
0.42	126.11	5.29	34
0.43	125.91	5.67	26
0.44	125.18	5.82	43
0.45	123.37	5.47	45
0.46	124.9	5.28	74
0.47	124.8	4.76	65
0.48	123.25	6.25	79
0.49	123.07	5.67	103
0.5	123.92	5.92	130
0.51	123.38	6.06	163
0.52	122.82	5.98	177
0.53	121.56	6.26	213
0.54	121.65	6.03	247
0.55	121.32	5.68	305
0.56	120.97	6.2	333
0.57	119.95	6.26	381
0.58	120.33	6.1	455
0.59	119.59	6.4	510
0.6	119.23	6.13	615
0.61	118.8	6.14	645
0.62	118.24	6.53	778
0.63	117.83	6.57	904
0.64	117.66	6.66	1047
0.65	117.1	6.59	1205
0.66	116.51	6.58	1427
0.67	116.41	6.65	1508
0.68	116.11	6.92	1803
0.69	115.53	6.81	2012
0.7	115.22	6.94	2318
0.71	114.81	6.87	2615
0.72	114.2	7.07	3006
0.73	113.97	6.91	3394
0.74	113.78	6.99	3917
0.75	113.11	7.09	4376
0.76	112.91	7.23	4804
0.77	112.56	7.22	5526
0.78	112.28	7.18	6180
0.79	111.81	7.38	6940
0.8	111.37	7.4	7780
0.81	111.2	7.47	8678
0.82	110.76	7.45	9489
0.83	110.26	7.52	10689
0.84	109.88	7.64	11844
0.85	109.48	7.66	13377
0.86	109.23	7.74	14438
0.87	108.8	7.77	16174
0.88	108.38	7.92	17932
0.89	108.04	7.89	19718
0.9	107.71	7.98	21905
0.91	107.32	8.02	23895
0.92	106.97	8.12	26397
0.93	106.68	8.16	28650
0.94	106.31	8.21	31440
0.95	105.9	8.24	34569
0.96	105.55	8.38	37533
0.97	105.24	8.33	41083
0.98	104.86	8.47	45300
0.99	104.61	8.43	48233
1	104.24	8.6	52976
1.01	103.97	8.62	57228
1.02	103.55	8.68	62082
1.03	103.26	8.72	66743
1.04	102.95	8.79	72760
1.05	102.59	8.82	78216
1.06	102.33	8.94	83824
1.07	101.98	8.99	89994
1.08	101.64	8.99	96064
1.09	101.34	9.07	103436
1.1	101.07	9.13	110466
1.11	100.73	9.17	118527
1.12	100.45	9.21	126480
1.13	100.18	9.26	134271
1.14	99.89	9.34	143293
1.15	99.63	9.42	151529
1.16	99.33	9.43	161007
1.17	99.04	9.47	170441
1.18	98.8	9.51	180019
1.19	98.49	9.55	191341
1.2	98.3	9.6	200866
1.21	98.04	9.66	212695
1.22	97.73	9.73	222745
1.23	97.51	9.72	234704
1.24	97.27	9.76	245513
1.25	97.06	9.82	258234
1.26	96.83	9.88	271030
1.27	96.58	9.92	282054
1.28	96.38	9.92	296525
1.29	96.16	9.96	309057
1.3	95.95	10	321751
1.31	95.74	10	335245
1.32	95.58	10.06	348863
1.33	95.34	10.06	362761
1.34	95.17	10.14	375862
1.35	94.98	10.17	389512
1.36	94.8	10.18	403825
1.37	94.6	10.22	417583
1.38	94.46	10.21	432457
1.39	94.32	10.25	445771
1.4	94.16	10.28	459739
1.41	94	10.31	472674
1.42	93.84	10.32	487699
1.43	93.7	10.35	501700
1.44	93.54	10.35	515653
1.45	93.42	10.37	529092
1.46	93.28	10.38	542098
1.47	93.12	10.41	555586
1.48	93.02	10.43	570092
1.49	92.9	10.43	581652
1.5	92.83	10.45	595320
1.51	92.68	10.44	607243
1.52	92.6	10.48	621520
1.53	92.49	10.48	634334
1.54	92.37	10.5	645657
1.55	92.28	10.49	658369
1.56	92.19	10.51	669619
1.57	92.09	10.52	680845
1.58	92	10.52	692863
1.59	91.93	10.54	702705
1.6	91.86	10.54	714254
1.61	91.77	10.56	725160
1.62	91.7	10.58	735240
1.63	91.62	10.56	745424
1.64	91.55	10.56	755875
1.65	91.47	10.57	764644
1.66	91.43	10.57	774736
1.67	91.35	10.58	783709
1.68	91.29	10.59	791390
1.69	91.23	10.59	800158
1.7	91.16	10.58	808876
1.71	91.1	10.6	816769
1.72	91.05	10.6	824887
1.73	91.04	10.6	832277
1.74	90.98	10.58	839967
1.75	90.93	10.6	846188
1.76	90.88	10.62	852556
1.77	90.85	10.62	860020
1.78	90.8	10.61	865662
1.79	90.76	10.62	872297
1.8	90.72	10.63	878460
1.81	90.69	10.63	883924
1.82	90.69	10.61	889160
1.83	90.63	10.62	894354
1.84	90.61	10.63	898871
1.85	90.58	10.62	904378
1.86	90.55	10.61	909308
1.87	90.52	10.62	913203
1.88	90.49	10.63	918019
1.89	90.48	10.62	921426
1.9	90.46	10.63	925988
1.91	90.43	10.63	929487
1.92	90.41	10.64	933402
1.93	90.38	10.64	936532
1.94	90.35	10.63	939698
1.95	90.35	10.65	943187
1.96	90.33	10.63	945912
1.97	90.35	10.64	948885
1.98	90.29	10.63	951424
1.99	90.27	10.63	954422
2	90.28	10.64	956692
2.01	90.27	10.64	959202
2.02	90.22	10.64	961262
2.03	90.2	10.64	963641
2.04	90.22	10.62	965350
2.05	90.2	10.62	967687
2.06	90.2	10.63	969089
2.07	90.18	10.64	970827
2.08	90.16	10.64	972690
2.09	90.16	10.64	974283
2.1	90.14	10.63	976020
2.11	90.15	10.64	977299
2.12	90.13	10.64	978809
2.13	90.11	10.64	979729
2.14	90.12	10.63	981146
2.15	90.12	10.64	982385
2.16	90.11	10.63	983400
2.17	90.09	10.65	984329
2.18	90.07	10.63	985441
2.19	90.1	10.65	986364
2.2	90.08	10.63	987169
2.21	90.07	10.65	987917
2.22	90.08	10.64	988697
2.23	90.07	10.64	989616
2.24	90.06	10.64	990206
2.25	90.06	10.64	990736
2.26	90.06	10.62	991387
2.27	90.04	10.64	992042
2.28	90.02	10.64	992654
2.29	90.04	10.64	993075
2.3	90.04	10.63	993393
2.31	90.05	10.64	994045
2.32	90.03	10.64	994446
2.33	90.03	10.64	994766
2.34	90.03	10.64	995145
2.35	90.04	10.64	995601
2.36	90.05	10.65	995874
2.37	90.02	10.64	996048
2.38	90.02	10.63	996476
2.39	90.04	10.63	996649
2.4	90.01	10.65	996944
2.41	90.02	10.63	997170
2.42	90.01	10.63	997296
2.43	90.01	10.63	997539
2.44	90.03	10.65	997842
2.45	90	10.63	997923
2.46	90.02	10.63	998101
2.47	90.01	10.63	998217
2.48	90	10.64	998362
2.49	90.01	10.63	998477
2.5	90.01	10.64	998609
2.51	90	10.64	998702
2.52	90.01	10.64	998880
2.53	90	10.64	998959
2.54	90.01	10.64	998972
2.55	90	10.63	999081
2.56	89.99	10.62	999181
2.57	90	10.65	999250
2.58	90	10.63	999320
2.59	89.99	10.63	999358
2.6	90	10.64	999370
2.61	90.01	10.65	999452
2.62	90.01	10.63	999508
2.63	90	10.63	999478
2.64	90	10.64	999549
2.65	90.02	10.64	999639
2.66	90	10.63	999602
2.67	90	10.64	999615
2.68	89.99	10.63	999685
2.69	89.99	10.64	999661
2.7	89.99	10.64	999676
2.71	90	10.64	999684
2.72	89.99	10.65	999694
2.73	90	10.64	999707
2.74	89.99	10.63	999701
2.75	90.01	10.64	999707
2.76	90.01	10.64	999729
2.77	89.98	10.63	999696
2.78	90	10.64	999694
2.79	89.99	10.63	999699
2.8	89.99	10.64	999666
2.81	90.01	10.65	999652
2.82	90.01	10.64	999615
2.83	89.97	10.64	999590
2.84	90.01	10.63	999533
2.85	89.99	10.64	999520
2.86	90.01	10.64	999412
2.87	89.99	10.64	999467
2.88	90	10.64	999380
2.89	89.98	10.65	999307
2.9	89.99	10.64	999203
2.91	90	10.64	999244
2.92	90	10.64	999123
2.93	89.99	10.64	999057
2.94	89.99	10.64	998970
2.95	89.99	10.65	998817
2.96	90	10.64	998803
2.97	90.01	10.64	998732
2.98	90	10.64	998571
2.99	89.98	10.63	998475
3	89.99	10.64	998272
3.01	89.98	10.63	998191
3.02	89.99	10.64	998025
3.03	90	10.64	997915
3.04	89.98	10.63	997671
3.05	89.99	10.64	997584
3.06	90	10.64	997407
3.07	89.98	10.63	997183
3.08	89.98	10.64	996782
3.09	89.97	10.64	996555
3.1	89.98	10.64	996195
3.11	89.96	10.63	995980
3.12	89.96	10.63	995668
3.13	89.98	10.65	995437
3.14	89.97	10.65	995091
3.15	89.98	10.63	994673
3.16	89.96	10.64	994336
3.17	89.99	10.63	993835
3.18	89.96	10.66	993438
3.19	89.95	10.62	992937
3.2	89.96	10.64	992313
3.21	89.97	10.64	991890
3.22	89.93	10.64	991512
3.23	89.94	10.63	990809
3.24	89.94	10.64	990122
3.25	89.93	10.63	989223
3.26	89.93	10.63	988630
3.27	89.94	10.64	987747
3.28	89.91	10.65	986944
3.29	89.92	10.64	986086
3.3	89.91	10.64	985166
3.31	89.89	10.64	983999
3.32	89.89	10.64	983090
3.33	89.89	10.64	981924
3.34	89.89	10.63	980787
3.35	89.88	10.65	979359
3.36	89.87	10.65	978442
3.37	89.84	10.64	976780
3.38	89.84	10.64	975348
3.39	89.83	10.64	973772
3.4	89.81	10.63	972811
3.41	89.81	10.64	970694
3.42	89.81	10.63	968816
3.43	89.8	10.64	966804
3.44	89.78	10.64	964756
3.45	89.76	10.63	962860
3.46	89.76	10.64	960531
3.47	89.75	10.64	958656
3.48	89.72	10.64	956122
3.49	89.71	10.64	953070
3.5	89.69	10.63	950607
3.51	89.69	10.62	948450
3.52	89.66	10.64	945122
3.53	89.66	10.63	941837
3.54	89.64	10.64	938810
3.55	89.61	10.64	935359
3.56	89.59	10.64	931778
3.57	89.59	10.63	928416
3.58	89.56	10.62	924963
3.59	89.53	10.62	920479
3.6	89.49	10.63	916816
3.61	89.45	10.63	911979
3.62	89.44	10.62	907456
3.63	89.41	10.62	902620
3.64	89.37	10.61	897807
3.65	89.33	10.63	892920
3.66	89.32	10.63	887677
3.67	89.28	10.62	882679
3.68	89.24	10.62	876765
3.69	89.22	10.62	870821
3.7	89.16	10.61	864974
3.71	89.15	10.62	858464
3.72	89.1	10.6	851888
3.73	89.05	10.61	844865
3.74	88.99	10.6	837650
3.75	88.97	10.6	830696
3.76	88.89	10.59	822223
3.77	88.87	10.6	814521
3.78	88.81	10.59	806119
3.79	88.74	10.59	797963
3.8	88.7	10.59	790044
3.81	88.61	10.58	780921
3.82	88.55	10.58	772850
3.83	88.51	10.58	761777
3.84	88.42	10.56	752552
3.85	88.39	10.57	742671
3.86	88.28	10.55	731741
3.87	88.22	10.54	721713
3.88	88.09	10.54	711606
3.89	88.06	10.54	699654
3.9	87.96	10.53	689419
3.91	87.88	10.52	678440
3.92	87.78	10.52	665892
3.93	87.71	10.49	654293
3.94	87.59	10.48	642770
3.95	87.51	10.48	629547
3.96	87.38	10.45	617674
3.97	87.28	10.44	603864
3.98	87.17	10.45	591528
3.99	87.04	10.45	579336
4	86.95	10.4	565363
4.01	86.8	10.4	552431
4.02	86.67	10.38	538860
4.03	86.54	10.38	525372
4.04	86.39	10.34	511456
4.05	86.27	10.34	498294
4.06	86.14	10.29	484021
4.07	85.95	10.29	470393
4.08	85.79	10.28	456079
4.09	85.63	10.25	443017
4.1	85.47	10.2	428128
4.11	85.32	10.22	413430
4.12	85.14	10.15	399925
4.13	84.95	10.17	385844
4.14	84.8	10.1	372332
4.15	84.6	10.11	358476
4.16	84.38	10.08	345556
4.17	84.2	10.05	331851
4.18	83.99	9.99	317962
4.19	83.79	9.96	304953
4.2	83.56	9.92	292357
4.21	83.36	9.88	279862
4.22	83.09	9.83	267218
4.23	82.9	9.8	254339
4.24	82.66	9.76	243789
4.25	82.39	9.72	230973
4.26	82.16	9.68	220322
4.27	81.88	9.63	209613
4.28	81.67	9.6	198524
4.29	81.4	9.54	187013
4.3	81.12	9.51	177313
4.31	80.89	9.47	167953
4.32	80.59	9.41	157873
4.33	80.31	9.34	148879
4.34	80.05	9.33	140164
4.35	79.75	9.26	131364
4.36	79.47	9.21	123705
4.37	79.16	9.15	116430
4.38	78.88	9.13	107949
4.39	78.56	9.05	101264
4.4	78.27	9	94189
4.41	77.96	8.94	88746
4.42	77.64	8.91	81823
4.43	77.29	8.87	76058
4.44	76.95	8.79	70929
4.45	76.68	8.71	65349
4.46	76.35	8.65	60594
4.47	75.91	8.63	55705
4.48	75.65	8.59	51502
4.49	75.36	8.5	47387
4.5	75	8.44	43486
4.51	74.65	8.39	40226
4.52	74.31	8.34	36704
4.53	73.93	8.27	34104
4.54	73.57	8.17	30763
4.55	73.26	8.11	28284
4.56	72.98	8.08	25715
4.57	72.57	8.08	23179
4.58	72.32	7.92	21329
4.59	71.82	7.91	19073
4.6	71.51	7.79	17578
4.61	71.11	7.69	15756
4.62	70.8	7.69	14339
4.63	70.39	7.7	12890
4.64	70.05	7.63	11836
4.65	69.66	7.47	10469
4.66	69.33	7.6	9232
4.67	69.02	7.48	8287
4.68	68.45	7.49	7552
4.69	68.14	7.31	6642
4.7	68.01	7.31	6087
4.71	67.36	7.13	5326
4.72	66.88	7.05	4754
4.73	66.67	7.18	3984
4.74	66.26	7.13	3736
4.75	65.96	6.99	3263
4.76	65.47	6.99	2935
4.77	64.99	7.07	2537
4.78	64.65	6.9	2264
4.79	64.14	6.7	1937
4.8	63.72	6.66	1692
4.81	63.57	6.78	1581
4.82	63.26	6.48	1394
4.83	62.7	6.62	1138
4.84	62.65	6.68	1017
4.85	62	6.35	852
4.86	61.69	6.4	800
4.87	61.71	6.51	625
4.88	61.09	6.32	559
4.89	60.29	6.1	491
4.9	59.94	6.09	438
4.91	59.79	5.99	377
4.92	59.18	6.18	289
4.93	59.21	5.9	247
4.94	58.02	5.78	226
4.95	57.52	5.96	197
4.96	57.82	6.07	179
4.97	57.87	5.82	161
4.98	56.6	6.07	126
4.99	56.71	5.66	103
5	55.88	5.3	76
5.01	55.04	5.46	75
5.02	54.96	6.09	65
5.03	55.02	6.11	56
5.04	54.29	5.7	41
5.05	54.36	4.8	41
5.06	53.77	5.68	25
5.07	52.77	6.12	26
5.08	53.94	5.01	15
5.09	52.99	4.48	21
5.1	51.74	5.82	13
5.11	50.51	5.3	18
5.12	51.4	3.1	4
5.13	52.97	2.49	7
5.14	48.01	4.19	11
5.15	50.21	2.76	5
5.16	44.43	1.48	2
5.17	48.26	4.75	4
5.18	48.09	4.85	6
5.19	41.06	0	1
Distance = 5.2 No points in 0-1 range
Distance = 5.21 No points in 0-1 range
Distance = 5.22 No points in 0-1 range
5.23	47.26	0	1
Distance = 5.24 No points in 0-1 range
Distance = 5.25 No points in 0-1 range
Distance = 5.26 No points in 0-1 range
5.27	44.53	0	1
Distance = 5.28 No points in 0-1 range
5.29	42.34	0	1
5.3	40.76	0	1
Distance = 5.31 No points in 0-1 range
Distance = 5.32 No points in 0-1 range
Distance = 5.33 No points in 0-1 range
Distance = 5.34 No points in 0-1 range
Distance = 5.35 No points in 0-1 range
Distance = 5.36 No points in 0-1 range
Distance = 5.37 No points in 0-1 range
Distance = 5.38 No points in 0-1 range
Distance = 5.39 No points in 0-1 range
Distance = 5.4 No points in 0-1 range
Distance = 5.41 No points in 0-1 range
Distance = 5.42 No points in 0-1 range
Distance = 5.43 No points in 0-1 range
Distance = 5.44 No points in 0-1 range
Distance = 5.45 No points in 0-1 range
Distance = 5.46 No points in 0-1 range
Distance = 5.47 No points in 0-1 range
