/Library/Java/JavaVirtualMachines/jdk1.8.0_45.jdk/Contents/Home/bin/java -Dvisualvm.id=1037813824781202 "-javaagent:/Applications/IntelliJ IDEA.app/Contents/lib/idea_rt.jar=63005:/Applications/IntelliJ IDEA.app/Contents/bin" -Dfile.encoding=UTF-8 -classpath /Library/Java/JavaVirtualMachines/jdk1.8.0_45.jdk/Contents/Home/lib/ant-javafx.jar:/Library/Java/JavaVirtualMachines/jdk1.8.0_45.jdk/Contents/Home/lib/dt.jar:/Library/Java/JavaVirtualMachines/jdk1.8.0_45.jdk/Contents/Home/lib/javafx-mx.jar:/Library/Java/JavaVirtualMachines/jdk1.8.0_45.jdk/Contents/Home/lib/jconsole.jar:/Library/Java/JavaVirtualMachines/jdk1.8.0_45.jdk/Contents/Home/lib/packager.jar:/Library/Java/JavaVirtualMachines/jdk1.8.0_45.jdk/Contents/Home/lib/sa-jdi.jar:/Library/Java/JavaVirtualMachines/jdk1.8.0_45.jdk/Contents/Home/lib/tools.jar:/Library/Java/JavaVirtualMachines/jdk1.8.0_45.jdk/Contents/Home/jre/lib/charsets.jar:/Library/Java/JavaVirtualMachines/jdk1.8.0_45.jdk/Contents/Home/jre/lib/deploy.jar:/Library/Java/JavaVirtualMachines/jdk1.8.0_45.jdk/Contents/Home/jre/lib/javaws.jar:/Library/Java/JavaVirtualMachines/jdk1.8.0_45.jdk/Contents/Home/jre/lib/jce.jar:/Library/Java/JavaVirtualMachines/jdk1.8.0_45.jdk/Contents/Home/jre/lib/jfr.jar:/Library/Java/JavaVirtualMachines/jdk1.8.0_45.jdk/Contents/Home/jre/lib/jfxswt.jar:/Library/Java/JavaVirtualMachines/jdk1.8.0_45.jdk/Contents/Home/jre/lib/jsse.jar:/Library/Java/JavaVirtualMachines/jdk1.8.0_45.jdk/Contents/Home/jre/lib/management-agent.jar:/Library/Java/JavaVirtualMachines/jdk1.8.0_45.jdk/Contents/Home/jre/lib/plugin.jar:/Library/Java/JavaVirtualMachines/jdk1.8.0_45.jdk/Contents/Home/jre/lib/resources.jar:/Library/Java/JavaVirtualMachines/jdk1.8.0_45.jdk/Contents/Home/jre/lib/rt.jar:/Library/Java/JavaVirtualMachines/jdk1.8.0_45.jdk/Contents/Home/jre/lib/ext/cldrdata.jar:/Library/Java/JavaVirtualMachines/jdk1.8.0_45.jdk/Contents/Home/jre/lib/ext/dnsns.jar:/Library/Java/JavaVirtualMachines/jdk1.8.0_45.jdk/Contents/Home/jre/lib/ext/jfxrt.jar:/Library/Java/JavaVirtualMachines/jdk1.8.0_45.jdk/Contents/Home/jre/lib/ext/localedata.jar:/Library/Java/JavaVirtualMachines/jdk1.8.0_45.jdk/Contents/Home/jre/lib/ext/nashorn.jar:/Library/Java/JavaVirtualMachines/jdk1.8.0_45.jdk/Contents/Home/jre/lib/ext/sunec.jar:/Library/Java/JavaVirtualMachines/jdk1.8.0_45.jdk/Contents/Home/jre/lib/ext/sunjce_provider.jar:/Library/Java/JavaVirtualMachines/jdk1.8.0_45.jdk/Contents/Home/jre/lib/ext/sunpkcs11.jar:/Library/Java/JavaVirtualMachines/jdk1.8.0_45.jdk/Contents/Home/jre/lib/ext/zipfs.jar:/Users/al/repos/github/angles/target/classes:/Users/al/.m2/repository/richard-connor/Metric-space-framework/1.0-SNAPSHOT/Metric-space-framework-1.0-SNAPSHOT.jar:/Users/al/.m2/repository/MetricSpaceContext/MetricSpaceContext/0.0.1-SNAPSHOT/MetricSpaceContext-0.0.1-SNAPSHOT.jar:/Users/al/.m2/repository/org/apache/commons/commons-math3/3.5/commons-math3-3.5.jar:/Users/al/.m2/repository/org/openjfx/javafx-controls/12.0.1/javafx-controls-12.0.1.jar:/Users/al/.m2/repository/org/openjfx/javafx-controls/12.0.1/javafx-controls-12.0.1-mac.jar:/Users/al/.m2/repository/org/openjfx/javafx-graphics/12.0.1/javafx-graphics-12.0.1.jar:/Users/al/.m2/repository/org/openjfx/javafx-graphics/12.0.1/javafx-graphics-12.0.1-mac.jar:/Users/al/.m2/repository/org/openjfx/javafx-base/12.0.1/javafx-base-12.0.1.jar:/Users/al/.m2/repository/org/openjfx/javafx-base/12.0.1/javafx-base-12.0.1-mac.jar:/Users/al/.m2/repository/junit/junit/4.12/junit-4.12.jar:/Users/al/.m2/repository/org/hamcrest/hamcrest-core/1.3/hamcrest-core-1.3.jar uk.al_richard.experimental.angles.SweepyIDIMExplorer
objc[41940]: Class JavaLaunchHelper is implemented in both /Library/Java/JavaVirtualMachines/jdk1.8.0_45.jdk/Contents/Home/bin/java (0x10d3234c0) and /Library/Java/JavaVirtualMachines/jdk1.8.0_45.jdk/Contents/Home/jre/lib/libinstrument.dylib (0x10d39d4e0). One of the two will be used. Which one is undefined.
CommonBase: DANGER - only SIFT maps/queries etc. are complete - rest return null - temp botch
Checking Euc10 1000000 random points, query radius = 1.8 pivots = 500
diagonal_distance	lidim	count	piv iDIM	count
0.01	7.990553666787725	732619	3.7274584483337754	500
0.02	7.793898278182346	748582	3.7088361686997695	500
0.03	7.601504986268586	764051	3.6902404217926414	500
0.04	7.412882983546514	778948	3.671671652395575	500
0.05	7.2288243448108895	793343	3.653130315527393	500
0.06	7.0477884209974	807048	3.6346168767368976	500
0.07	6.87127595258573	820223	3.6161318124069406	500
0.08	6.699749957516345	832913	3.597675610068643	500
0.09	6.5316124437418095	844930	3.5792487687261274	500
0.1	6.367970647684615	856407	3.560851799192057	500
0.11	6.208214079704047	867272	3.542485224434481	500
0.12	6.052922541483852	877610	3.5241495799352913	500
0.13	5.901203020015027	887311	3.5058454140607207	500
0.14	5.754174735281241	896554	3.487573288444324	500
0.15	5.611073831762535	905249	3.4693337783828797	500
0.16	5.471248399697674	913299	3.451127473245644	500
0.17	5.335308606300732	920822	3.4329549768973946	500
0.18	5.202592260714795	927725	3.4148169081358337	500
0.19	5.075363867320368	934449	3.396713901143712	500
0.2	4.951040614027038	940559	3.3786466059563036	500
0.21	4.8306067154624985	946267	3.3606156889446517	500
0.22	4.7137593279038255	951552	3.342621833315167	500
0.23	4.599953697132482	956331	3.3246657396261377	500
0.24	4.489688791051671	960745	3.306748126321669	500
0.25	4.382924845239266	964818	3.288869730283651	500
0.26	4.279189758945661	968480	3.271031307402346	500
0.27	4.179103711462994	971919	3.2532336331661993	500
0.28	4.081808159257767	974978	3.2354775032714445	500
0.29	3.9876194024951155	977757	3.217763734252245	500
0.3	3.8961896062352395	980219	3.2000931641318178	500
0.31	3.8079870219650696	982516	3.182466653095405	500
0.32	3.7224751596172174	984565	3.1648850841856135	500
0.33	3.639880103174858	986443	3.147349364020832	500
0.34	3.5598910072811942	988082	3.1298604235374357	500
0.35	3.4822918616221354	989559	3.112419218756416	500
0.36	3.407041356567017	990829	3.0950267315752007	500
0.37	3.334296246547434	991961	3.0776839705853236	500
0.38	3.264122929217632	993018	3.0603919719166455	500
0.39	3.196014098388365	993912	3.043151800108877	500
0.4	3.1301308978403837	994716	3.025964549011132	500
0.41	3.066382186636349	995393	3.0088313427101765	500
0.42	3.004378040036109	995950	2.991753336488142	500
0.43	2.944521385600954	996476	2.974731717810429	500
0.44	2.8864334683210817	996930	2.957767707344482	500
0.45	2.830402514082775	997310	2.9408625600101743	500
0.46	2.775911556250502	997661	2.9240175660625574	500
0.47	2.7232889760591372	997929	2.907234052207579	500
0.48	2.6721868534872035	998189	2.890513382751608	500
0.49	2.6225180528015226	998397	2.8738569607853255	500
0.5	2.5744122127097	998588	2.8572662294027795	500
0.51	2.5279230461155233	998758	2.840742672956215	500
0.52	2.482903590625004	998900	2.8242878183473925	500
0.53	2.4392143064141334	999006	2.807903236356039	500
0.54	2.3963704628634495	999098	2.7915905430061114	500
0.55	2.3549175130757893	999161	2.7753514009705427	500
0.56	2.315179415197404	999225	2.759187521015114	500
0.57	2.27563412030873	999275	2.743100663482143	500
0.58	2.2376946442854413	999314	2.727092639814687	500
0.59	2.200999217836827	999344	2.7111653141219154	500
0.6	2.1660850033711725	999373	2.6953206047864713	500
0.61	2.1308920642083704	999398	2.6795604861144873	500
0.62	2.097043971488683	999416	2.6638869900292015	500
0.63	2.063236170600708	999434	2.648302207808975	500
0.64	2.031448156062888	999441	2.6328082918707287	500
0.65	2.0004685931567834	999452	2.6174074575999398	500
0.66	1.9702578068085994	999464	2.602101985228298	500
0.67	1.9394216438654273	999477	2.586894221760572	500
0.68	1.9175482812261466	999480	2.571786582952126	500
0.69	1.8833051736292683	999482	2.5567815553389592	500
0.7	1.866527079856413	999485	2.541881698322367	500
0.71	1.8374374757646776	999488	2.5270896463105936	500
0.72	1.8043407504928453	999490	2.512408110920251	500
0.73	1.7787486622851525	999494	2.4978398832407636	500
0.74	1.7607099891543332	999495	2.4833878361654618	500
0.75	1.7296532518102283	999497	2.4690549267936386	500
0.76	1.7220497512107777	999497	2.4548441989084724	500
0.77	1.714518505335217	999497	2.44075878553646	500
0.78	1.6628881595705922	999499	2.426801911594722	500
0.79	1.6534386271062125	999499	2.412976896633697	500
0.8	1.6440634484972154	999499	2.399287157683447	500
0.81	1.634764509113284	999499	2.3857362122131	500
0.82	1.625543750291254	999499	2.3723276812142364	500
0.83	1.6164031708045072	999499	2.359065292420086	500
0.84	1.6073448283427672	999499	2.3459528836742587	500
0.85	1.5152452829469045	999500	2.3329944064638655	500
0.86	1.5081007580138825	999500	2.3201939296338914	500
0.87	1.501036588848254	999500	2.307555643301287	500
0.88	1.4940552229644397	999500	2.2950838629890487	500
0.89	1.4871591891092897	999500	2.282783034002658	500
0.9	1.4803510997453262	999500	2.270657736073023	500
0.91	1.473633653594544	999500	2.2587126882921966	500
0.92	1.4670096382452664	999500	2.2469527543700942	500
0.93	1.4604819328252787	999500	2.2353829482423486	500
0.94	1.4540535107470225	999500	2.2240084400614455	500
0.95	1.4477274425269364	999500	2.212834562604857	500
0.96	1.4415068986858346	999500	2.201866818135717	500
0.97	1.435395152736701	999500	2.191110885752765	500
0.98	1.4293955842657882	999500	2.1805726292675955	500
0.99	1.4235116821164355	999500	2.170258105648074	500
1	1.4177470476809344	999500	2.160173574067214	500
1.01	1.4121053983154022	999500	2.150325505597232	500
1.02	1.4065905708833322	999500	2.1407205935880635	500
1.03	1.401206525444671	999500	2.1313657647693356	500
1.04	1.3959573491006998	999500	2.122268191113803	500
1.05	1.390847260009906	999500	2.11343530249907	500
1.06	1.3858806115883668	999500	2.104874800203079	500
1.07	1.3810618969092163	999500	2.096594671267198	500
1.08	1.3763957533128235	999500	2.088603203758986	500
1.09	1.3718869672412937	999500	2.080909002965118	500
1.1	1.367540479310468	999500	2.073521008543346	500
1.11	1.3633613896389953	999500	2.066448512661066	500
1.12	1.3593549634591666	999500	2.059701179147205	500
1.13	1.3555266370453296	999500	2.053289063683692	500
1.14	1.3518820240098646	999500	2.047222635063162	500
1.15	1.3484269220196694	999500	2.0415127975405314	500
1.16	1.3451673199961296	999500	2.036170914308278	500
1.17	1.3421094058560952	999500	2.0312088321282755	500
1.18	1.3392595748542804	999500	2.0266389071577238	500
1.19	1.3366244385959156	999500	2.022474032012656	500
1.2	1.3342108347956962	999500	2.0187276641205436	500
1.21	1.3320258378669099	999500	2.015413855423914	500
1.22	1.3300767704136451	999500	2.0125472835099814	500
1.23	1.328371215667368	999500	2.0101432842583127	500
1.24	1.3269170308904215	999500	2.008217886119812	500
1.25	1.3257223617633913	999500	2.0067878461674376	500
1.26	1.3247956578007247	999500	2.005870688092795	500
1.27	1.324145688878373	999500	2.0054847423648265	500
1.28	1.3237815629970813	999500	2.0056491888181878	500
1.29	1.323712745435775	999500	2.006384102001102	500
1.3	1.323949079467898	999500	2.0077104996860116	500
1.31	1.3245008088282952	999500	2.009650395031962	500
1.32	1.3253786021321645	999500	2.012226852985013	500
1.33	1.3265935794578996	999500	2.015464051610666	500
1.34	1.3270106506452006	999500	2.0193873491687815	500
1.35	1.3267743561969967	999500	2.024023357863349	500
1.36	1.3268528551998855	999500	2.029400025322926	500
1.37	1.3272544977064007	999500	2.0355467249884898	500
1.38	1.3279879010689237	999500	2.0424943566987874	500
1.39	1.3290619653443432	999500	2.050275458865817	500
1.4	1.330485890028441	999500	2.058924333721681	500
1.41	1.3322691921697445	999500	2.068477187192669	500
1.42	1.3344217259022806	999500	2.0789722850197068	500
1.43	1.3369537034437158	999500	2.090450126802335	500
1.44	1.3398757176160996	999500	2.1029536397056767	500
1.45	1.3431987659364812	999500	2.1165283936505026	500
1.46	1.3469342763233307	999500	2.1312228399204733	500
1.47	1.3510941344616498	999500	2.14708857528673	500
1.48	1.3556907129167408	999500	2.1641806339851235	500
1.49	1.3607369021371662	999500	2.1825578102034395	500
1.5	1.3662461435553008	999500	2.1872950061752863	500
1.51	1.3722324650478934	999500	2.1920451918265202	500
1.52	1.378710519044413	999500	2.197550787384711	500
1.53	1.385695623572985	999500	2.2038248115801964	500
1.54	1.3932038065284542	999500	2.2108807253798464	500
1.55	1.401251853441219	999500	2.218732459526734	500
1.56	1.4098573590613894	999500	2.2251635413207245	500
1.57	1.4145016632781822	999500	2.2316975195673225	500
1.58	1.4087122271645807	999500	2.239000232409752	500
1.59	1.4033624461338507	999500	2.2470821792075286	500
1.6	1.3984444875944808	999500	2.2559542150583036	500
1.61	1.3939507304978727	999500	2.265627562325335	500
1.62	1.3898737561992833	999500	2.25881649009659	500
1.63	1.3862063396081086	999500	2.243003625250064	500
1.64	1.3829414405632343	999500	2.228259767282015	500
1.65	1.380072195391044	999500	2.214551487279828	500
1.66	1.3775919086145525	999500	2.2018469585400693	500
1.67	1.3754940448028767	999500	2.1901158577443494	500
1.68	1.373772220566943	999500	2.1732390943747504	500
1.69	1.37242019672796	999500	2.148287377689121	500
1.7	1.3714318707095217	999500	2.125043544048179	500
1.71	1.3708012692156244	999500	2.103407365511399	500
1.72	1.3705225412533073	999500	2.0832867322964703	500
1.73	1.3705899515402369	999500	2.064596829871564	500
1.74	1.3709978743057063	999500	2.0472594127038843	500
1.75	1.3717407874807939	999500	2.031202161882454	500
1.76	1.3728132672613866	999500	2.0163581157554122	500
1.77	1.374209983033509	999500	2.0026651643132656	500
1.78	1.3759256926520125	999500	1.990065599370441	500
1.79	1.3779552380680176	999500	1.9785057136979622	500
1.8	1.3802935412942767	999500	1.9679354431816602	500
1.81	1.3829356007022706	999500	1.9583080468566172	500
1.82	1.385876487643154	999500	1.9495798203272998	500
1.83	1.3863737005770516	999500	1.9417098386466567	500
1.84	1.384533572413093	999500	1.9346597252140987	500
1.85	1.3830699836074014	999500	1.928393443675961	500
1.86	1.381969895482693	999500	1.92287711018344	500
1.87	1.3812208399397101	999500	1.9180788236903357	500
1.88	1.380810883877194	999500	1.913968512262305	500
1.89	1.3807285965471559	999500	1.9105177936251132	500
1.9	1.3809630195588634	999500	1.9076998484051233	500
1.91	1.3815036392589917	999500	1.9054893047134476	500
1.92	1.3823403612359009	999500	1.9038621328985361	500
1.93	1.3834634867218685	999500	1.9027955494419109	500
1.94	1.3848636907045335	999500	1.9022679291011728	500
1.95	1.3865320015936327	999500	1.9022587245147222	500
1.96	1.3884597823292257	999500	1.9027483925763706	500
1.97	1.3906387128482949	999500	1.9037183269671865	500
1.98	1.3930607738457137	999500	1.905150796298586	500
1.99	1.395718231770228	999500	1.907028887376833	500
2	1.3986036249900538	999500	1.9093364531466372	500
2.01	1.4017097510517462	999500	1.9120580649119632	500
2.02	1.4050296549413934	999500	1.91517896846705	500
2.03	1.4085566182535665	999500	1.9186850438009606	500
2.04	1.4122841491690694	999500	1.9225627680659514	500
2.05	1.416205973151295	999500	1.926799181524219	500
2.06	1.4203160242789283	999500	1.9313818562095977	500
2.07	1.4246084371449643	999500	1.9362988670613899	500
2.08	1.4290775392603159	999500	1.94153876530641	500
2.09	1.4337178439113092	999500	1.9470905538834375	500
2.1	1.4385240434215927	999500	1.9529436647210292	500
2.11	1.4434910027799905	999500	1.9590879376956731	500
2.12	1.4486137535945558	999500	1.9655136011123056	500
2.13	1.4538874883400403	999500	1.9722112535633338	500
2.14	1.4593075548719558	999500	1.9791718470356208	500
2.15	1.4648694511820992	999500	1.9863866711472438	500
2.16	1.4705688203783975	999500	1.9938473384073896	500
2.17	1.476401445875408	999500	2.0015457704032964	500
2.18	1.4823632467815653	999500	2.00947418482803	500
2.19	1.4884502734790246	999500	2.0176250832717053	500
2.2	1.4946587033820966	999500	2.0259912397070265	500
2.21	1.5009848368699412	999500	2.034565689607249	500
2.22	1.5074250933821924	999500	2.0433417196414303	500
2.23	1.5139760076668658	999500	2.052312857897757	500
2.24	1.5206342261705186	999500	2.0614728645910656	500
2.25	1.5273965035585133	999500	2.070815723215581	500
2.26	1.534259699355761	999500	2.080335632107991	500
2.27	1.541220774697334	999500	2.090026996389922	500
2.28	1.5482767891824372	999500	2.0998844202621654	500
2.29	1.5554248978243193	999500	2.109902699626054	500
2.3	1.5626623480903437	999500	2.120076815009987	500
2.31	1.5699864770282388	999500	2.130401924781487	500
2.32	1.5773947084760898	999500	2.140873358627286	500
2.33	1.584884550351027	999500	2.15148661128565	500
2.34	1.592453592014036	999500	2.1622373365169048	500
2.35	1.6000995017099051	999500	2.1731213412995296	500
2.36	1.6603413414393589	999499	2.1841345802403453	500
2.37	1.6681953404068668	999499	2.1952731501885325	500
2.38	1.6761242444096012	999499	2.2065332850441743	500
2.39	1.6841258337557594	999499	2.2179113507527752	500
2.4	1.7352307752791376	999498	2.2294038404780947	500
2.41	1.7435163255629136	999498	2.241007369946123	500
2.42	1.7518715815085497	999498	2.2527186729536814	500
2.43	1.774029170952543	999497	2.264534597035631	500
2.44	1.8048729512992272	999495	2.2764520992849793	500
2.45	1.8251112671761331	999493	2.288468242320698	500
2.46	1.850512447335446	999488	2.3005801903982026	500
2.47	1.8769467042302506	999484	2.3127852056578657	500
2.48	1.9074580787342352	999482	2.3250806445070795	500
2.49	1.934724123303681	999475	2.337463954131617	500
2.5	1.9624449917613789	999467	2.3499326691321745	500
2.51	1.9961034975909606	999461	2.3624844082822243	500
2.52	2.0240358896990798	999454	2.375116871403272	500
2.53	2.0554983225977015	999445	2.3878278363539627	500
2.54	2.0883242490433984	999433	2.4006151561293336	500
2.55	2.1220757463034152	999415	2.413476756066794	500
2.56	2.157948873873338	999398	2.426410631155418	500
2.57	2.194668145527431	999376	2.4394148434451877	500
2.58	2.229353284303382	999346	2.452487519553044	500
2.59	2.267376204083659	999312	2.4656268482624393	500
2.6	2.3053835654149646	999264	2.478831078213374	500
2.61	2.3465243951007353	999197	2.4920985156798916	500
2.62	2.3866586451769316	999128	2.505427522431986	500
2.63	2.4291605881022393	999030	2.518816513679121	500
2.64	2.4730677759470643	998924	2.532263956092441	500
2.65	2.5177600228595334	998796	2.5457683659029877	500
2.66	2.563648223900138	998657	2.559328307073137	500
2.67	2.611076397555215	998484	2.5729423895387153	500
2.68	2.660299334234778	998285	2.5866092675191665	500
2.69	2.7111961635221693	998057	2.600327637893307	500
2.7	2.7633398579834454	997749	2.6140962386382407	500
2.71	2.8175112832612603	997450	2.6279138473290637	500
2.72	2.8732597017575174	997066	2.6417792796970767	500
2.73	2.9308299228166503	996661	2.655691388244315	500
2.74	2.9903961012492037	996156	2.6696490609121644	500
2.75	3.051549565410253	995550	2.6836512198020928	500
2.76	3.114905160358363	994894	2.6976968199463514	500
2.77	3.1804932781754225	994169	2.711784848126815	500
2.78	3.2480367627089173	993296	2.7259143217399893	500
2.79	3.3178817076010474	992290	2.740084287706402	500
2.8	3.3897010940132044	991099	2.7542938214226247	500
2.81	3.463970617529441	989793	2.768542025754164	500
2.82	3.5408853879621645	988357	2.782828030067732	500
2.83	3.6206893053264593	986814	2.7971509893011395	500
2.84	3.7027719821188434	985044	2.8115100830694306	500
2.85	3.787770145612216	983081	2.8259045148057496	500
2.86	3.875511965040286	980896	2.840333510935516	500
2.87	3.965946212712442	978418	2.8547963200825786	500
2.88	4.059466232239049	975706	2.8692922123061004	500
2.89	4.156281526924893	972769	2.8838204783668027	500
2.9	4.255900229107804	969471	2.8983804290214716	500
2.91	4.358882515850874	965880	2.9129713943445736	500
2.92	4.465261239485512	961970	2.927592723075821	500
2.93	4.574565315770383	957602	2.9422437819926417	500
2.94	4.687420184992577	952878	2.956923955306575	500
2.95	4.804300993861132	947858	2.971632644082581	500
2.96	4.924634279911507	942375	2.9863692656803424	500
2.97	5.048292523240495	936384	3.0011332532166386	500
2.98	5.175680518210988	929928	3.0159240550479756	500
2.99	5.306019057647464	922853	3.0307411342726103	500
3	5.440317989109571	915315	3.0455839682511843	500
3.01	5.579847339308107	907474	3.0604520481452124	500
3.02	5.722581269933779	898973	3.075344878472741	500
3.03	5.869400442299819	889955	3.0902619766804067	500
3.04	6.019714786144027	880290	3.105202872731266	500
3.05	6.175038445282682	870194	3.120167108707811	500
3.06	6.333044943447793	859326	3.135154238429432	500
3.07	6.495493552858153	847925	3.150163827083896	500
3.08	6.661132309216262	835842	3.1651954508721705	500
3.09	6.833041242917629	823436	3.1802486966660544	500
3.1	7.007291793505082	810238	3.1953231616782407	500
3.11	7.1862227614603915	796531	3.2104184531441176	500
3.12	7.369175980988712	782259	3.22553418801496	500
3.13	7.558359921033192	767643	3.240669992662091	500
3.14	7.750334011864498	752344	3.255825502591469	500
3.15	7.9458870632530205	736473	3.2710003621683494	500
3.16	8.147151634706884	720254	3.2861942243516684	500

Process finished with exit code 0
