Checking Euc20 1000000 random points, query radius = 1.8 pivots = 500, Created with SweepyAngleExplorer.java
diagonal_distance	lidim	count	piv iDIM	count
0.01	34.3523132803994	1023	4.941903762087009	500
0.02	33.77395131187192	1201	4.927268051321986	500
0.03	33.00211287710012	1397	4.912651689492755	500
0.04	32.67017860343973	1638	4.89805494709943	500
0.05	32.165377709332326	1912	4.8834780996699285	500
0.06	31.634161493308497	2219	4.868921427876025	500
0.07	30.95140553393516	2555	4.854385217652626	500
0.08	30.890219389222043	2993	4.8398697603202825	500
0.09	30.42625888036707	3453	4.825375352711191	500
0.1	29.962284674637893	3983	4.810902297298566	500
0.11	29.805087269456347	4626	4.796450902329714	500
0.12	29.62421648171223	5365	4.7820214819628335	500
0.13	28.913604800005885	6101	4.767614356407594	500
0.14	28.595562808996156	7005	4.753229852069748	500
0.15	28.157621411636775	7991	4.738868301699849	500
0.16	27.71622159793663	9094	4.7245300445461496	500
0.17	27.31354684404773	10335	4.710215426511934	500
0.18	26.900635462604846	11718	4.695924800317322	500
0.19	26.586762568038708	13308	4.6816585256657675	500
0.2	26.197857060440683	15037	4.6674169694153935	500
0.21	25.828925758949257	16966	4.6532005057552315	500
0.22	25.37114431275358	19039	4.639009516386731	500
0.23	25.03554001421835	21416	4.62484439071048	500
0.24	24.61220773931336	23950	4.610705526018478	500
0.25	24.13450071974328	26656	4.596593327692124	500
0.26	23.77785683317284	29742	4.582508209405986	500
0.27	23.401147259386466	33081	4.56845059333778	500
0.28	23.033469570990782	36741	4.554420910384543	500
0.29	22.699625740507187	40775	4.540419600385337	500
0.3	22.33854460458994	45103	4.526447112350678	500
0.31	21.94815751482878	49719	4.512503904698975	500
0.32	21.63192804030082	54879	4.4985904455000965	500
0.33	21.280024245502798	60351	4.484707212726423	500
0.34	20.943136239948746	66276	4.470854694511669	500
0.35	20.600555968028026	72622	4.457033389417602	500
0.36	20.272362066780826	79470	4.4432438067090825	500
0.37	19.90590620691136	86618	4.429486466637708	500
0.38	19.595692281706814	94484	4.415761900734242	500
0.39	19.247715297662946	102663	4.402070652110292	500
0.4	18.89067035131872	111255	4.3884132757694845	500
0.41	18.564270713144275	120520	4.374790338928466	500
0.42	18.267442590427624	130509	4.361202421348237	500
0.43	17.933213435590154	140767	4.3476501156759	500
0.44	17.616290651792262	151676	4.334134027797565	500
0.45	17.288518534255733	163003	4.320654777202472	500
0.46	16.98367006305039	175065	4.3072129973590325	500
0.47	16.64384829333627	187257	4.2938093361030445	500
0.48	16.33514315195398	200268	4.280444456038602	500
0.49	16.022482087001578	213705	4.267119034952164	500
0.5	15.730866641694613	227912	4.2538337662402945	500
0.51	15.430415023146214	242473	4.240589359351538	500
0.52	15.126754565511451	257415	4.227386540243005	500
0.53	14.827229110616425	272819	4.214226051852264	500
0.54	14.529239581695338	288622	4.19762305256528	500
0.55	14.249812670439054	305157	4.180694168206177	500
0.56	13.964586608304039	321922	4.163804875269595	500
0.57	13.6838523491708	339083	4.146955748977538	500
0.58	13.413759315550237	356795	4.130147375792336	500
0.59	13.142502260994764	374724	4.113380353686326	500
0.6	12.855621019384547	392348	4.096655292418864	500
0.61	12.582654127229736	410466	4.079972813820919	500
0.62	12.320322257827591	429012	4.063333552087383	500
0.63	12.053318719472907	447413	4.046738154077569	500
0.64	11.798087316258549	466223	4.0301872796237355	500
0.65	11.546564255066441	485126	4.013681601848267	500
0.66	11.29300256546819	503827	3.9972218074894634	500
0.67	11.048465832101673	522749	3.98080859723629	500
0.68	10.805684432144337	541529	3.9644426860724393	500
0.69	10.567315615400323	560252	3.9481248036297467	500
0.7	10.330069364679472	578700	3.931855694551428	500
0.71	10.099103710266037	597095	3.9156361188652786	500
0.72	9.87497404196885	615480	3.899466852367219	500
0.73	9.651831510228558	633446	3.8833486870153275	500
0.74	9.432239924300465	651102	3.8672824313348397	500
0.75	9.21693565043162	668477	3.8512689108342366	500
0.76	9.005922257841615	685525	3.8353089684328343	500
0.77	8.7958760580625	701955	3.8194034649001543	500
0.78	8.592664596513833	718188	3.803553279307399	500
0.79	8.391109262143074	733782	3.78775930949133	500
0.8	8.194549619456891	748988	3.77202247253095	500
0.81	8.002916861103056	763800	3.756343705237234	500
0.82	7.814567926347538	778036	3.7407239646563584	500
0.83	7.631294083935221	791863	3.7251642285866997	500
0.84	7.45333200507938	805309	3.709665496110036	500
0.85	7.277130906288702	817991	3.694228788137206	500
0.86	7.10634688445829	830289	3.6788551479688176	500
0.87	6.939383050834741	842040	3.6635456418711305	500
0.88	6.776386466098836	853250	3.648301359667654	500
0.89	6.6167021229367045	863841	3.633123415346959	500
0.9	6.4604662525272065	873807	3.6180129476867986	500
0.91	6.309103763968329	883402	3.602971120895345	500
0.92	6.161514480375343	892462	3.5879991252696524	500
0.93	6.017749370418667	900991	3.5730981778719975	500
0.94	5.8770232620657135	908921	3.5582695232243937	500
0.95	5.74018629117376	916364	3.5435144340218705	500
0.96	5.608381500897018	923539	3.5288342118648854	500
0.97	5.479164401862041	930100	3.514230188011393	500
0.98	5.352775279782578	936067	3.499703724149111	500
0.99	5.230357620463624	941681	3.4852562131884	500
1	5.112185270984849	947021	3.470889080076363	500
1.01	4.997301483792356	951939	3.4566037826326648	500
1.02	4.885703073395337	956487	3.4424018124076854	500
1.03	4.777932256868536	960768	3.4282846955634856	500
1.04	4.672934449154158	964663	3.414253993778349	500
1.05	4.5707864089107	968158	3.400311305175357	500
1.06	4.471748060932949	971357	3.3864582652758246	500
1.07	4.376255681954498	974403	3.3726965479781104	500
1.08	4.2834861216548985	977147	3.359027866562726	500
1.09	4.193334052116243	979598	3.345453974724318	500
1.1	4.105906840759403	981791	3.331976667631439	500
1.11	4.02101116729288	983754	3.318597783014979	500
1.12	3.9388961606808333	985529	3.30531920228604	500
1.13	3.85951431997068	987175	3.2921428516843703	500
1.14	3.782644949622278	988651	3.2790707034582836	500
1.15	3.7079006103579832	989941	3.2661047770772003	500
1.16	3.6357055594343657	991124	3.253247140478044	500
1.17	3.5656365588937984	992123	3.240499911346596	500
1.18	3.4979624484628946	993087	3.227865258435465	500
1.19	3.4324818437016553	993893	3.2153454029197794	500
1.2	3.368757889402436	994633	3.2029426197925814	500
1.21	3.3070931997291857	995273	3.190659239301306	500
1.22	3.2473155032790624	995813	3.178497648427417	500
1.23	3.189531475111276	996323	3.1664602924111684	500
1.24	3.133675910485234	996791	3.1545496763235823	500
1.25	3.0797839503350786	997161	3.1427683666881596	500
1.26	3.0268657894709676	997501	3.1311189931547125	500
1.27	2.9757989224548687	997815	3.119604250228261	500
1.28	2.926297752923487	998057	3.1082268990558006	500
1.29	2.8784020053594004	998287	3.096989769274334	500
1.3	2.8317745622044685	998454	3.085895760923608	500
1.31	2.78662471672498	998598	3.0749478464272575	500
1.32	2.7427289799904098	998743	3.064149072646558	500
1.33	2.700342458816527	998863	3.0535025630110817	500
1.34	2.6589674311196054	998961	3.0430115197309116	500
1.35	2.6192249346948673	999061	3.0326792260956603	500
1.36	2.580182167253288	999149	3.0225090488654667	500
1.37	2.5435826562688635	999210	3.012504440759951	500
1.38	2.5059934154026826	999270	3.0026689430512543	500
1.39	2.469988559231405	999306	2.993006188267757	500
1.4	2.4356884382837674	999336	2.9835199030155337	500
1.41	2.4032843927962735	999363	2.9742139109250227	500
1.42	2.371058807707286	999394	2.9650921357308047	500
1.43	2.3383151489217977	999416	2.956158604492938	500
1.44	2.3086651790390573	999432	2.947417450968686	500
1.45	2.2816397416436582	999451	2.938872919144005	500
1.46	2.249374933976698	999455	2.9305293669347052	500
1.47	2.219590414221315	999470	2.922391270067601	500
1.48	2.1979097120434736	999475	2.9144632261526	500
1.49	2.1639864565578466	999480	2.9067499589571453	500
1.5	2.1416768089017184	999485	2.8992563228950003	500
1.51	2.118818362666073	999486	2.8919873077418736	500
1.52	2.1049422932710207	999487	2.884948043591093	500
1.53	2.063102912773909	999493	2.8781438060628637	500
1.54	2.0410261742271762	999494	2.87158002178159	500
1.55	2.0305158396181913	999495	2.8652622741360356	500
1.56	2.012072481425204	999496	2.859196309338038	500
1.57	1.982151591987693	999498	2.853388042796037	500
1.58	1.975492518883397	999498	2.847843565820376	500
1.59	1.9689438652487101	999498	2.8425691526783234	500
1.6	1.9247886256999804	999499	2.8375712680173897	500
1.61	1.8916652107168355	999500	2.832856574676537	500
1.62	1.8909305632992703	999500	2.8284319419059343	500
1.63	1.8903949650558916	999500	2.824304454016838	500
1.64	1.890064471113082	999500	2.8204814194845986	500
1.65	1.8899453700497466	999500	2.816970380528957	500
1.66	1.8900441955127987	999500	2.813779123197319	500
1.67	1.890367738577631	999500	2.8109156879784347	500
1.68	1.8909230609110392	999500	2.8083883809756274	500
1.69	1.8917175088020954	999500	2.806205785670779	500
1.7	1.892758728124973	999500	2.804376775312657	500
1.71	1.8940546803142697	999500	2.802910525965671	500
1.72	1.8956136594300628	999500	2.8018165302579443	500
1.73	1.8932096251068178	999500	2.801104611870948	500
1.74	1.889051945888682	999500	2.8007849408164223	500
1.75	1.8850776507496398	999500	2.799010712916121	500
1.76	1.8812900839690168	999500	2.778365993826913	500
1.77	1.877692657536434	999500	2.758146086036181	500
1.78	1.8742888528737278	999500	2.7383496215731844	500
1.79	1.871082222638189	999500	2.71897524278732	500
1.8	1.8680763926136623	999500	2.700021602066274	500
1.81	1.8652750636919946	999500	2.681487361512688	500
1.82	1.8626820139529952	999500	2.6633711925858954	500
1.83	1.8603011008483479	999500	2.6456717757167447	500
1.84	1.85813626349375	999500	2.6283877999049854	500
1.85	1.8561915250784697	999500	2.611517962310259	500
1.86	1.8544709953951446	999500	2.5950609678489998	500
1.87	1.8529788735013657	999500	2.5790155288107126	500
1.88	1.851719450515722	999500	2.5633803645082502	500
1.89	1.850697112557547	999500	2.5481542009770446	500
1.9	1.8499163438392678	999500	2.5333357707387134	500
1.91	1.8493817299173518	999500	2.51892381264418	500
1.92	1.8490979611101657	999500	2.504917071810581	500
1.93	1.8490698360934517	999500	2.49131429966501	500
1.94	1.8493022656797968	999500	2.478114254106157	500
1.95	1.849800276793279	999500	2.465315699792288	500
1.96	1.8505690166488296	999500	2.452917408561039	500
1.97	1.8516137571450322	999500	2.4409181599827545	500
1.98	1.8529398994830866	999500	2.4293167420452217	500
1.99	1.8523928061523849	999500	2.418111951963385	500
2	1.8501369510263723	999500	2.407302597103258	500
2.01	1.8469847371609636	999500	2.3968874960051663	500
2.02	1.8404173251793865	999500	2.3868654794872644	500
2.03	1.8341194235700211	999500	2.3772353918070714	500
2.04	1.828090666864141	999500	2.367996091855586	500
2.05	1.822330686425489	999500	2.3591464543566754	500
2.06	1.8168391103618344	999500	2.3506853710429825	500
2.07	1.8116155634410123	999500	2.3426117517793648	500
2.08	1.8066596670100001	999500	2.334924525605364	500
2.09	1.8019710389175763	999500	2.3276226416698034	500
2.1	1.797549293439919	999500	2.3207050700328034	500
2.11	1.7933940412081695	999500	2.3141708023136265	500
2.12	1.789504889140856	999500	2.3080188521663874	500
2.13	1.7858814403768473	999500	2.3022482555697414	500
2.14	1.7825232942118174	999500	2.2968580709210022	500
2.15	1.7794300460376835	999500	2.2918473789296163	500
2.16	1.7766012872816903	999500	2.2872152823094356	500
2.17	1.7740366053510082	999500	2.2829609052733177	500
2.18	1.7717355835754631	999500	2.2790833928377654	500
2.19	1.7696978011542677	999500	2.2755819099487202	500
2.2	1.7679228331032493	999500	2.272455640442693	500
2.21	1.7664102502032277	999500	2.2697037858600657	500
2.22	1.7651596189491825	999500	2.267325564129385	500
2.23	1.7641705015013065	999500	2.2653202081426715	500
2.24	1.7634424556357113	999500	2.2636869642429875	500
2.25	1.7629750346968256	999500	2.262425090645429	500
2.26	1.762767787549978	999500	2.2615338558129183	500
2.27	1.7628202585347212	999500	2.261012536807201	500
2.28	1.763131987419767	999500	2.260860417634771	500
2.29	1.7637025093582825	999500	2.2610767876058606	500
2.3	1.7645313548450183	999500	2.2616609397232925	500
2.31	1.7656180496740017	999500	2.262612169116003	500
2.32	1.76696211490013	999500	2.263929771530359	500
2.33	1.7685630668002115	999500	2.2656130418902984	500
2.34	1.7704204168393283	999500	2.267661272935441	500
2.35	1.7725336716375566	999500	2.2700737539443976	500
2.36	1.7749023329423876	999500	2.2728497695486616	500
2.37	1.7775258976031703	999500	2.2759885986407773	500
2.38	1.7804038575500638	999500	2.279489513378913	500
2.39	1.7835356997782796	999500	2.283351778288629	500
2.4	1.78692090633551	999500	2.287574649461345	500
2.41	1.7905589543159899	999500	2.2921573738480907	500
2.42	1.7944493158584796	999500	2.2970991886461687	500
2.43	1.7985914581517215	999500	2.3023993207758267	500
2.44	1.79829514610041	999500	2.308056986443453	500
2.45	1.7937336738673852	999500	2.314071390787406	500
2.46	1.7895082914459002	999500	2.3204417276025655	500
2.47	1.7856108252394318	999500	2.327167179139311	500
2.48	1.7820333655311453	999500	2.3342469159728267	500
2.49	1.7787682545987507	999500	2.341680096938539	500
2.5	1.775808075484382	999500	2.349465869129644	500
2.51	1.7731456413824425	999500	2.357603367952779	500
2.52	1.7707739856085212	999500	2.366091717238017	500
2.53	1.768686352115838	999500	2.3749300293995077	500
2.54	1.7668761865271694	999500	2.384117405643191	500
2.55	1.7653371276526273	999500	2.393652936218191	500
2.56	1.7640629994659514	999500	2.403535700708437	500
2.57	1.7630478035108565	999500	2.4137647683612373	500
2.58	1.7622857117164177	999500	2.42433919844957	500
2.59	1.761771059594122	999500	2.435258040664738	500
2.6	1.7614983397977657	999500	2.4465203355362135	500
2.61	1.76146219602398	999500	2.4581251148753247	500
2.62	1.76165741723344	999500	2.470071402239483	500
2.63	1.7620789321767985	999500	2.482358213413689	500
2.64	1.7627218042050536	999500	2.4949845569059033	500
2.65	1.763581226348603	999500	2.5079494344530135	500
2.66	1.764652516652405	999500	2.5212518415340774	500
2.67	1.7659311137479325	999500	2.534890767887623	500
2.68	1.7674125726515455	999500	2.5488651980297785	500
2.69	1.7690925607745744	999500	2.5631741117703286	500
2.7	1.7709668541338415	999500	2.577816484723606	500
2.71	1.773031333750356	999500	2.5927912888116857	500
2.72	1.7752819822237775	999500	2.608097492757259	500
2.73	1.7777148804758212	999500	2.6237340625639414	500
2.74	1.780326204648123	999500	2.6396999619820334	500
2.75	1.7831122231501324	999500	2.653896838063465	500
2.76	1.7860692938427256	999500	2.660937757415276	500
2.77	1.7891938613550595	999500	2.6682626288377063	500
2.78	1.7924824545225668	999500	2.6758664601503783	500
2.79	1.7959316839402952	999500	2.683744362301831	500
2.8	1.7995382396249364	999500	2.6918915468469296	500
2.81	1.80329888877788	999500	2.7003033235052127	500
2.82	1.8643421980394066	999499	2.7089750977962406	500
2.83	1.8684744224498595	999499	2.717902368748362	500
2.84	1.8727590923538684	999499	2.727080726677689	500
2.85	1.8771930838599482	999499	2.7365058510343654	500
2.86	1.9829623597055215	999498	2.7461735083134706	500
2.87	1.9873245465205238	999498	2.7560795500281934	500
2.88	1.9918434764376023	999498	2.7662199107429855	500
2.89	1.996515758121306	999498	2.776590606164717	500
2.9	2.001338085612884	999498	2.7871877312898565	500
2.91	2.0063072358183005	999498	2.7980074586058863	500
2.92	2.011418051852347	999497	2.8090460363452343	500
2.93	2.035578968869964	999495	2.8202997867900597	500
2.94	2.070195517125341	999492	2.831765104626272	500
2.95	2.089510049987017	999491	2.843438455345237	500
2.96	2.113867093338516	999489	2.855316373691602	500
2.97	2.1363779659622213	999487	2.8673954621557214	500
2.98	2.162957209131855	999480	2.879672389509207	500
2.99	2.185994760059884	999473	2.8921438893820475	500
3	2.2134049767374804	999467	2.9048067588798845	500
3.01	2.24427884334546	999458	2.9176578572398966	500
3.02	2.2720471261512025	999449	2.930694104523902	500
3.03	2.2999211220971545	999439	2.9439124803471923	500
3.04	2.3317229059338938	999416	2.9573100226416957	500
3.05	2.3637099638788084	999393	2.9708838264520723	500
3.06	2.3957705546449963	999368	2.9846310427633562	500
3.07	2.428540444027568	999341	2.9985488773588354	500
3.08	2.463486501033678	999305	3.012634589706829	500
3.09	2.4987184073921784	999264	3.026885491875178	500
3.1	2.5347901892409026	999204	3.04129894747212	500
3.11	2.5721509107412945	999145	3.055872370612516	500
3.12	2.611271832295446	999070	3.0706032249082136	500
3.13	2.6507900560059587	998997	3.085489022481507	500
3.14	2.691632570012762	998896	3.100527323000738	500
3.15	2.7343122384197605	998771	3.1157157327369926	500
3.16	2.7777613387885483	998646	3.131051903641104	500
3.17	2.8222645204627614	998505	3.1465335324400168	500
3.18	2.869098864197454	998348	3.162158359751773	500
3.19	2.9165199111362754	998163	3.1779241692184415	500
3.2	2.9655575096143414	997944	3.193828786656183	500
3.21	3.0161861334494287	997647	3.209870079221952	500
3.22	3.06863668649604	997324	3.221708006832295	500
3.23	3.122521070589619	996976	3.228236495470519	500
3.24	3.178412699152601	996567	3.2349391295156864	500
3.25	3.235865045124314	996123	3.241811237418924	500
3.26	3.2951508226081194	995565	3.2488483063627958	500
3.27	3.3563846614277106	994923	3.2560459757311717	500
3.28	3.419453294569833	994208	3.263400030899874	500
3.29	3.4849127829484927	993456	3.2709063973293757	500
3.3	3.552302766827689	992577	3.2785611349420005	500
3.31	3.6221308849888287	991616	3.2863604327675864	500
3.32	3.6938213407877947	990474	3.2943006038422626	500
3.33	3.768027817191584	989222	3.302378080346277	500
3.34	3.8442984284638455	987741	3.3105894089675423	500
3.35	3.9233706171034934	986171	3.3189312464786895	500
3.36	4.005106608214445	984443	3.32740035551579	500
3.37	4.089511125051612	982547	3.3359936005481816	500
3.38	4.176394739231712	980386	3.3447079440289937	500
3.39	4.266091669623214	978008	3.353540442716994	500
3.4	4.358456395361498	975346	3.3624882441607173	500
3.41	4.4540258880257655	972483	3.371548583336584	500
3.42	4.552735769255368	969384	3.380718779433	500
3.43	4.6539214752406135	965858	3.389996232773156	500
3.44	4.758199425281077	962014	3.3993784218693803	500
3.45	4.866113422618936	957927	3.408862900602717	500
3.46	4.977551544735306	953529	3.418447295521297	500
3.47	5.092206895209603	948738	3.4281293032518545	500
3.48	5.20978616185322	943470	3.4379066880188467	500
3.49	5.330805100224307	937787	3.4477772792659063	500
3.5	5.455826533752761	931773	3.457738969374932	500
3.51	5.584777029001316	925367	3.4677897114779643	500
3.52	5.7164049173793385	918339	3.4779275173576476	500
3.53	5.852152525160024	910914	3.488150455432082	500
3.54	5.992384996023883	903105	3.4984566488201607	500
3.55	6.136336017461746	894782	3.508844273483728	500
3.56	6.283938738804388	885914	3.5193115564429958	500
3.57	6.433705752221311	876287	3.5298567740619418	500
3.58	6.588638442358525	866311	3.540478250400579	500
3.59	6.747666083947314	855818	3.551174355631012	500
3.6	6.91034670149864	844743	3.561943504514541	500
3.61	7.077685320298062	833208	3.5727841549371027	500
3.62	7.247653981485568	820977	3.5836948065004623	500
3.63	7.4216159439302025	808205	3.594673999166759	500
3.64	7.600044260963363	794970	3.6057203119541517	500
3.65	7.782722399408318	781235	3.61683236168123	500
3.66	7.969495481954358	766991	3.628008801758291	500
3.67	8.15949212552187	752177	3.6392483210233273	500
3.68	8.352124793711962	736771	3.6505496426209767	500
3.69	8.548986155485856	720953	3.6619115229225456	500
3.7	8.75327819114647	704985	3.673332750485434	500
3.71	8.959846704406365	688452	3.684812145050303	500
3.72	9.16994190582649	671505	3.6963485565744674	500
3.73	9.384119894960728	654218	3.7079408643000065	500
3.74	9.60425374214488	636738	3.719587975855164	500
3.75	9.828636150571196	618973	3.731288826387732	500
3.76	10.055737343683493	600871	3.7430423777290494	500
3.77	10.285026429121745	582448	3.754847617587525	500
3.78	10.521908784280669	564054	3.7667035587703372	500
3.79	10.760959745450066	545413	3.7786092384322947	500
3.8	11.004200588013516	526693	3.790563717350824	500
3.81	11.250514087100308	507866	3.8025660792259335	500
3.82	11.500845302046775	489038	3.8146154300042494	500
3.83	11.75091720831405	470068	3.8267108972262283	500
3.84	12.01626033562594	451627	3.838851629395533	500
3.85	12.273185406739707	432818	3.8510367953698488	500
3.86	12.531563543834222	414113	3.8632655837722014	500
3.87	12.79966348132604	395825	3.87553720242208	500
3.88	13.065590134912997	377608	3.88785087778555	500
3.89	13.328989476894014	359516	3.9002058544436995	500
3.9	13.599451481487993	341871	3.9126013945786307	500
3.91	13.880778013804568	324759	3.9250367774765036	500
3.92	14.147395523462293	307630	3.9375112990467853	500
3.93	14.439188167208423	291395	3.9500242713572664	500
3.94	14.721990310955391	275330	3.9625750221842138	500
3.95	15.017361021863886	259888	3.975162894577064	500
3.96	15.314383393228008	244878	3.9877872464371484	500
3.97	15.607100043012466	230230	4.000447450110013	500
3.98	15.903481350665688	216110	4.0131428919906424	500
3.99	16.204020922002773	202520	4.025872972141384	500
4	16.513143338933578	189525	4.038637103921876	500
4.01	16.81451931363089	176949	4.0514347136306945	500
4.02	17.125815749452666	164984	4.06426524015826	500
4.03	17.460573994175085	153731	4.077128134650546	500
4.04	17.788501648750515	142897	4.090022860183354	500
4.05	18.12119949643939	132593	4.102948891446597	500
4.06	18.45426326335883	122784	4.115905714438365	500
4.07	18.775298918799905	113386	4.128892826168397	500
4.08	19.12864813027288	104678	4.141909734370603	500
4.09	19.447096183194603	96272	4.154955957224444	500
4.1	19.776015940772762	88415	4.168031023084591	500
4.11	20.108743728796632	81057	4.1811344702189235	500
4.12	20.433028257213365	74132	4.194265846554326	500
4.13	20.787511655459753	67764	4.207424709430112	500
4.14	21.145593218636296	61818	4.220610625358846	500
4.15	21.483107541839352	56221	4.233823169794188	500
4.16	21.84123582480069	51076	4.247061926905722	500
4.17	22.171566386895922	46251	4.260326489360308	500
4.18	22.553523585013227	41893	4.273616458109956	500
4.19	22.838196960627762	37705	4.286931442185785	500
4.2	23.245690637779227	34051	4.300271058498095	500
4.21	23.539120748019133	30532	4.3136349316421585	500
4.22	23.88484629796769	27389	4.327022693709614	500
4.23	24.274509029314896	24566	4.340433984105372	500
4.24	24.69288760173971	22005	4.353868449369628	500
4.25	24.995123399577146	19578	4.367325743005062	500
4.26	25.288901304754948	17382	4.380805525308905	500
4.27	25.743943294507588	15497	4.394307463209731	500
4.28	26.089725490332157	13727	4.4078312301089	500
4.29	26.48688185580455	12158	4.421376505726405	500
4.3	26.955119357682094	10769	4.434942975951048	500
4.31	27.322615676050322	9483	4.448530332694772	500
4.32	27.754865594703485	8351	4.462138273751047	500
4.33	28.181044905332392	7334	4.4757665026571605	500
4.34	28.689700207189286	6443	4.4894147285602815	500
4.35	28.925233524300793	5594	4.503082666087235	500
4.36	28.986900044324152	4824	4.516770035217766	500
4.37	29.69978713613208	4242	4.530476561161283	500
4.38	30.20900439827833	3688	4.54420197423696	500
4.39	30.633096306334103	3193	4.55794600975703	500
4.4	30.905930073347882	2746	4.571708407913247	500
4.41	31.413996960116243	2373	4.585488913666331	500
4.42	31.66511530790717	2028	4.599287276638445	500
4.43	31.765826285389075	1726	4.613103251008424	500
4.44	31.35658076735164	1445	4.626936595409889	500
4.45	31.610354068029878	1235	4.640787072831937	500
4.46	31.676149588692564	1050	4.654654450522486	500
4.47	32.319338878580176	907	4.668538499894161	500
